# water.dat

processed
-1884.0 -114.0 0.0 0.0 0.0 0.25 0.0	-1556.0 -114.0 0.0 0.0 0.0 0.25 0.0	-1884.0 -102.0 0.0 0.0 0.0 0.25 0.0	-1556.0 -102.0 0.0 0.0 0.0 0.25 0.0  1
2340.0 -140.0 -0.0004 0.0 0.0 0.25 0.0	2376.0 -140.0 -0.0004 0.0 0.0 0.25 0.0	2340.0 -104.0 -0.0004 0.0 0.0 0.25 0.0	2376.0 -104.0 -0.0004 0.0 0.0 0.25 0.0  1
2376.0 -140.0 -0.0003 0.0 0.0 0.25 0.0	2412.0 -140.0 -0.0003 0.0 0.0 0.25 0.0	2376.0 -68.0 -0.0003 0.0 0.0 0.25 0.0	2412.0 -68.0 -0.0003 0.0 0.0 0.25 0.0  1
2332.0 -800.0 -0.0001 0.0 0.0 0.25 0.0	2800.0 -800.0 -0.0001 0.0 0.0 0.25 0.0	2332.0 -140.0 -0.0001 0.0 0.0 0.25 0.0	2800.0 -140.0 -0.0001 0.0 0.0 0.25 0.0  1
1200.0 -800.0 0.0 0.0 0.0 0.25 0.0	1400.0 -800.0 0.0 0.0 0.0 0.25 0.0	1200.0 -690.0 0.0 0.0 0.0 0.25 0.0	1400.0 -690.0 0.0 0.0 0.0 0.25 0.0  1
2400.0 -2400.0 0.0 0.0 0.0 0.25 0.0	3000.0 -2400.0 0.0 0.0 0.0 0.25 0.0	2400.0 -800.0 0.0 0.0 0.0 0.25 0.0	3000.0 -800.0 0.0 0.0 0.0 0.25 0.0  1
-3000.0 -2400.0 0.0 0.0 0.0 0.25 0.0	2400.0 -2400.0 0.0 0.0 0.0 0.25 0.0	-3000.0 -1600.0 0.0 0.0 0.0 0.25 0.0	2400.0 -1600.0 0.0 0.0 0.0 0.25 0.0  1
1300.0 -690.0 0.0001 0.0 0.0 0.25 0.0	1400.0 -690.0 0.0001 0.0 0.0 0.25 0.0	1300.0 -570.0 0.0001 0.0 0.0 0.25 0.0	1400.0 -570.0 0.0001 0.0 0.0 0.25 0.0  1
800.0 -1600.0 0.0001 0.0 0.0 0.25 0.0	2400.0 -1600.0 0.0001 0.0 0.0 0.25 0.0	800.0 -800.0 0.0001 0.0 0.0 0.25 0.0	2400.0 -800.0 0.0001 0.0 0.0 0.25 0.0  1
-3000.0 -1600.0 0.0 0.0 0.0 0.25 0.0	-712.0 -1600.0 0.0 0.0 0.0 0.25 0.0	-3000.0 -800.0 0.0 0.0 0.0 0.25 0.0	-712.0 -800.0 0.0 0.0 0.0 0.25 0.0  1
1126.0 -654.0 12.2 0.0 0.0 0.25 0.0	1134.0 -654.0 12.2 0.0 0.0 0.25 0.0	1126.0 -642.0 12.2 0.0 0.0 0.25 0.0	1134.0 -642.0 12.2 0.0 0.0 0.25 0.0  1
1128.0 -662.0 12.2 0.0 0.0 0.25 0.0	1136.0 -662.0 12.2 0.0 0.0 0.25 0.0	1128.0 -654.0 12.2 0.0 0.0 0.25 0.0	1136.0 -654.0 12.2 0.0 0.0 0.25 0.0  1
-400.0 -1600.0 0.0 0.0 0.0 0.25 0.0	400.0 -1600.0 0.0 0.0 0.0 0.25 0.0	-400.0 -1072.0 0.0 0.0 0.0 0.25 0.0	400.0 -1072.0 0.0 0.0 0.0 0.25 0.0  1
-340.0 -800.0 0.0 0.0 0.0 0.25 0.0	-256.0 -800.0 0.0 0.0 0.0 0.25 0.0	-340.0 -648.0 0.0 0.0 0.0 0.25 0.0	-256.0 -648.0 0.0 0.0 0.0 0.25 0.0  1
1124.0 -662.0 12.2 0.0 0.0 0.25 0.0	1128.0 -662.0 12.2 0.0 0.0 0.25 0.0	1124.0 -654.0 12.2 0.0 0.0 0.25 0.0	1128.0 -654.0 12.2 0.0 0.0 0.25 0.0  1
1120.0 -660.0 12.2 0.0 0.0 0.25 0.0	1124.0 -660.0 12.2 0.0 0.0 0.25 0.0	1120.0 -656.0 12.2 0.0 0.0 0.25 0.0	1124.0 -656.0 12.2 0.0 0.0 0.25 0.0  1
1112.0 -662.0 12.2 0.0 0.0 0.25 0.0	1120.0 -662.0 12.2 0.0 0.0 0.25 0.0	1112.0 -654.0 12.2 0.0 0.0 0.25 0.0	1120.0 -654.0 12.2 0.0 0.0 0.25 0.0  1
1132.0 -642.0 12.2 0.0 0.0 0.25 0.0	1136.0 -642.0 12.2 0.0 0.0 0.25 0.0	1132.0 -634.0 12.2 0.0 0.0 0.25 0.0	1136.0 -634.0 12.2 0.0 0.0 0.25 0.0  1
260.0 -800.0 0.0002 0.0 0.0 0.25 0.0	476.0 -800.0 0.0002 0.0 0.0 0.25 0.0	260.0 -720.0 0.0002 0.0 0.0 0.25 0.0	476.0 -720.0 0.0002 0.0 0.0 0.25 0.0  1
260.0 -884.0 0.0001 0.0 0.0 0.25 0.0	400.0 -884.0 0.0001 0.0 0.0 0.25 0.0	260.0 -800.0 0.0001 0.0 0.0 0.25 0.0	400.0 -800.0 0.0001 0.0 0.0 0.25 0.0  1
-1144.0 -800.0 0.0 0.0 0.0 0.25 0.0	-800.0 -800.0 0.0 0.0 0.0 0.25 0.0	-1144.0 -668.0 0.0 0.0 0.0 0.25 0.0	-800.0 -668.0 0.0 0.0 0.0 0.25 0.0  1
-400.0 -920.0 -0.0001 0.0 0.0 0.25 0.0	-196.0 -920.0 -0.0001 0.0 0.0 0.25 0.0	-400.0 -884.0 -0.0001 0.0 0.0 0.25 0.0	-196.0 -884.0 -0.0001 0.0 0.0 0.25 0.0  1
1138.0 -642.0 12.2 0.0 0.0 0.25 0.0	1142.0 -642.0 12.2 0.0 0.0 0.25 0.0	1138.0 -634.0 12.2 0.0 0.0 0.25 0.0	1142.0 -634.0 12.2 0.0 0.0 0.25 0.0  1
112.0 -1072.0 0.0001 0.0 0.0 0.25 0.0	188.0 -1072.0 0.0001 0.0 0.0 0.25 0.0	112.0 -932.0 0.0001 0.0 0.0 0.25 0.0	188.0 -932.0 0.0001 0.0 0.0 0.25 0.0  1
328.0 -154.0 0.0 0.0 0.0 0.25 0.0	392.0 -154.0 0.0 0.0 0.0 0.25 0.0	328.0 -86.0 0.0 0.0 0.0 0.25 0.0	392.0 -86.0 0.0 0.0 0.0 0.25 0.0  1
-712.0 -1074.0 0.0 0.0 0.0 0.25 0.0	-678.0 -1074.0 0.0 0.0 0.0 0.25 0.0	-712.0 -840.0 0.0 0.0 0.0 0.25 0.0	-678.0 -840.0 0.0 0.0 0.0 0.25 0.0  1
-678.0 -1074.0 0.0 0.0 0.0 0.25 0.0	-644.0 -1074.0 0.0 0.0 0.0 0.25 0.0	-678.0 -920.0 0.0 0.0 0.0 0.25 0.0	-644.0 -920.0 0.0 0.0 0.0 0.25 0.0  1
-1884.0 -198.0 0.0 0.0 0.0 0.25 0.0	-1340.0 -198.0 0.0 0.0 0.0 0.25 0.0	-1884.0 -114.0 0.0 0.0 0.0 0.25 0.0	-1340.0 -114.0 0.0 0.0 0.0 0.25 0.0  1
-1112.0 -668.0 0.0 0.0 0.0 0.25 0.0	-800.0 -668.0 0.0 0.0 0.0 0.25 0.0	-1112.0 -614.0 0.0 0.0 0.0 0.25 0.0	-800.0 -614.0 0.0 0.0 0.0 0.25 0.0  1
-968.0 -284.0 0.0 0.0 0.0 0.25 0.0	-800.0 -284.0 0.0 0.0 0.0 0.25 0.0	-968.0 -128.0 0.0 0.0 0.0 0.25 0.0	-800.0 -128.0 0.0 0.0 0.0 0.25 0.0  1
1400.0 -800.0 0.0 0.0 0.0 0.25 0.0	1600.0 -800.0 0.0 0.0 0.0 0.25 0.0	1400.0 -400.0 0.0 0.0 0.0 0.25 0.0	1600.0 -400.0 0.0 0.0 0.0 0.25 0.0  1
-610.0 -1074.0 0.0 0.0 0.0 0.25 0.0	-536.0 -1074.0 0.0 0.0 0.0 0.25 0.0	-610.0 -1032.0 0.0 0.0 0.0 0.25 0.0	-536.0 -1032.0 0.0 0.0 0.0 0.25 0.0  1
-2200.0 -800.0 0.0 0.0 0.0 0.25 0.0	-2000.0 -800.0 0.0 0.0 0.0 0.25 0.0	-2200.0 -484.0 0.0 0.0 0.0 0.25 0.0	-2000.0 -484.0 0.0 0.0 0.0 0.25 0.0  1
-1104.0 -192.0 0.0 0.0 0.0 0.25 0.0	-968.0 -192.0 0.0 0.0 0.0 0.25 0.0	-1104.0 -128.0 0.0 0.0 0.0 0.25 0.0	-968.0 -128.0 0.0 0.0 0.0 0.25 0.0  1
-644.0 -1074.0 0.0 0.0 0.0 0.25 0.0	-610.0 -1074.0 0.0 0.0 0.0 0.25 0.0	-644.0 -984.0 0.0 0.0 0.0 0.25 0.0	-610.0 -984.0 0.0 0.0 0.0 0.25 0.0  1
-160.0 -440.0 14.2621 0.0 0.0 0.25 0.0	-152.0 -440.0 14.2621 0.0 0.0 0.25 0.0	-160.0 -432.0 14.2621 0.0 0.0 0.25 0.0	-152.0 -432.0 14.2621 0.0 0.0 0.25 0.0  1
-522.0 -1074.0 0.0 0.0 0.0 0.25 0.0	-488.0 -1074.0 0.0 0.0 0.0 0.25 0.0	-522.0 -1016.0 0.0 0.0 0.0 0.25 0.0	-488.0 -1016.0 0.0 0.0 0.0 0.25 0.0  1
-712.0 -1600.0 0.0 0.0 0.0 0.25 0.0	-488.0 -1600.0 0.0 0.0 0.0 0.25 0.0	-712.0 -1074.0 0.0 0.0 0.0 0.25 0.0	-488.0 -1074.0 0.0 0.0 0.0 0.25 0.0  1
700.0 -600.0 0.0 0.0 0.0 0.25 0.0	760.0 -600.0 0.0 0.0 0.0 0.25 0.0	700.0 -360.0 0.0 0.0 0.0 0.25 0.0	760.0 -360.0 0.0 0.0 0.0 0.25 0.0  1
700.0 -320.0 0.0 0.0 0.0 0.25 0.0	720.0 -320.0 0.0 0.0 0.0 0.25 0.0	700.0 -280.0 0.0 0.0 0.0 0.25 0.0	720.0 -280.0 0.0 0.0 0.0 0.25 0.0  1
700.0 -280.0 0.0 0.0 0.0 0.25 0.0	740.0 -280.0 0.0 0.0 0.0 0.25 0.0	700.0 -240.0 0.0 0.0 0.0 0.25 0.0	740.0 -240.0 0.0 0.0 0.0 0.25 0.0  1
700.0 -240.0 0.0 0.0 0.0 0.25 0.0	760.0 -240.0 0.0 0.0 0.0 0.25 0.0	700.0 -200.0 0.0 0.0 0.0 0.25 0.0	760.0 -200.0 0.0 0.0 0.0 0.25 0.0  1
700.0 -200.0 0.0 0.0 0.0 0.25 0.0	780.0 -200.0 0.0 0.0 0.0 0.25 0.0	700.0 -160.0 0.0 0.0 0.0 0.25 0.0	780.0 -160.0 0.0 0.0 0.0 0.25 0.0  1
700.0 -160.0 0.0 0.0 0.0 0.25 0.0	740.0 -160.0 0.0 0.0 0.0 0.25 0.0	700.0 -140.0 0.0 0.0 0.0 0.25 0.0	740.0 -140.0 0.0 0.0 0.0 0.25 0.0  1
-510.0 -846.0 0.0 0.0 0.0 0.25 0.0	-488.0 -846.0 0.0 0.0 0.0 0.25 0.0	-510.0 -800.0 0.0 0.0 0.0 0.25 0.0	-488.0 -800.0 0.0 0.0 0.0 0.25 0.0  1
720.0 -130.0 0.0 0.0 0.0 0.25 0.0	740.0 -130.0 0.0 0.0 0.0 0.25 0.0	720.0 -70.0 0.0 0.0 0.0 0.25 0.0	740.0 -70.0 0.0 0.0 0.0 0.25 0.0  1
-488.0 -1600.0 0.0 0.0 0.0 0.25 0.0	-400.0 -1600.0 0.0 0.0 0.0 0.25 0.0	-488.0 -800.0 0.0 0.0 0.0 0.25 0.0	-400.0 -800.0 0.0 0.0 0.0 0.25 0.0  1
760.0 -600.0 0.0 0.0 0.0 0.25 0.0	800.0 -600.0 0.0 0.0 0.0 0.25 0.0	760.0 -520.0 0.0 0.0 0.0 0.25 0.0	800.0 -520.0 0.0 0.0 0.0 0.25 0.0  1
-586.0 -702.0 0.0 0.0 0.0 0.25 0.0	-552.0 -702.0 0.0 0.0 0.0 0.25 0.0	-586.0 -668.0 0.0 0.0 0.0 0.25 0.0	-552.0 -668.0 0.0 0.0 0.0 0.25 0.0  1
-552.0 -776.0 0.0 0.0 0.0 0.25 0.0	-516.0 -776.0 0.0 0.0 0.0 0.25 0.0	-552.0 -668.0 0.0 0.0 0.0 0.25 0.0	-516.0 -668.0 0.0 0.0 0.0 0.25 0.0  1
-704.0 -724.0 0.0 0.0 0.0 0.25 0.0	-652.0 -724.0 0.0 0.0 0.0 0.25 0.0	-704.0 -668.0 0.0 0.0 0.0 0.25 0.0	-652.0 -668.0 0.0 0.0 0.0 0.25 0.0  1
-800.0 -800.0 0.0 0.0 0.0 0.25 0.0	-704.0 -800.0 0.0 0.0 0.0 0.25 0.0	-800.0 -668.0 0.0 0.0 0.0 0.25 0.0	-704.0 -668.0 0.0 0.0 0.0 0.25 0.0  1
1400.0 -400.0 0.0 0.0 0.0 0.25 0.0	1500.0 -400.0 0.0 0.0 0.0 0.25 0.0	1400.0 -200.0 0.0 0.0 0.0 0.25 0.0	1500.0 -200.0 0.0 0.0 0.0 0.25 0.0  1
400.0 -1600.0 0.0 0.0 0.0 0.25 0.0	800.0 -1600.0 0.0 0.0 0.0 0.25 0.0	400.0 -800.0 0.0 0.0 0.0 0.25 0.0	800.0 -800.0 0.0 0.0 0.0 0.25 0.0  1
-800.0 -408.0 -0.0001 0.0 0.0 0.25 0.0	-604.0 -408.0 -0.0001 0.0 0.0 0.25 0.0	-800.0 -316.0 -0.0001 0.0 0.0 0.25 0.0	-604.0 -316.0 -0.0001 0.0 0.0 0.25 0.0  1
-800.0 -668.0 0.0 0.0 0.0 0.25 0.0	-516.0 -668.0 0.0 0.0 0.0 0.25 0.0	-800.0 -472.0 0.0 0.0 0.0 0.25 0.0	-516.0 -472.0 0.0 0.0 0.0 0.25 0.0  1
470.0 -540.0 -0.0002 0.0 0.0 0.25 0.0	514.0 -540.0 -0.0002 0.0 0.0 0.25 0.0	470.0 -456.0 -0.0002 0.0 0.0 0.25 0.0	514.0 -456.0 -0.0002 0.0 0.0 0.25 0.0  1
-400.0 -952.0 -0.0002 0.0 0.0 0.25 0.0	-172.0 -952.0 -0.0002 0.0 0.0 0.25 0.0	-400.0 -920.0 -0.0002 0.0 0.0 0.25 0.0	-172.0 -920.0 -0.0002 0.0 0.0 0.25 0.0  1
-166.0 -930.0 2.82735 0.0 0.0 0.25 0.0	-138.0 -930.0 2.82735 0.0 0.0 0.25 0.0	-166.0 -902.0 2.82735 0.0 0.0 0.25 0.0	-138.0 -902.0 2.82735 0.0 0.0 0.25 0.0  1
-594.0 -346.0 2.51039 0.0 0.0 0.25 0.0	-566.0 -346.0 2.51039 0.0 0.0 0.25 0.0	-594.0 -318.0 2.51039 0.0 0.0 0.25 0.0	-566.0 -318.0 2.51039 0.0 0.0 0.25 0.0  1
-516.0 -800.0 0.0 0.0 0.0 0.25 0.0	-340.0 -800.0 0.0 0.0 0.0 0.25 0.0	-516.0 -472.0 0.0 0.0 0.0 0.25 0.0	-340.0 -472.0 0.0 0.0 0.0 0.25 0.0  1
-880.0 -464.0 0.0 0.0 0.0 0.25 0.0	-800.0 -464.0 0.0 0.0 0.0 0.25 0.0	-880.0 -284.0 0.0 0.0 0.0 0.25 0.0	-800.0 -284.0 0.0 0.0 0.0 0.25 0.0  1
-934.0 -518.0 0.0 0.0 0.0 0.25 0.0	-800.0 -518.0 0.0 0.0 0.0 0.25 0.0	-934.0 -464.0 0.0 0.0 0.0 0.25 0.0	-800.0 -464.0 0.0 0.0 0.0 0.25 0.0  1
-982.0 -614.0 0.0 0.0 0.0 0.25 0.0	-800.0 -614.0 0.0 0.0 0.0 0.25 0.0	-982.0 -518.0 0.0 0.0 0.0 0.25 0.0	-800.0 -518.0 0.0 0.0 0.0 0.25 0.0  1
-1304.0 -800.0 0.0 0.0 0.0 0.25 0.0	-1144.0 -800.0 0.0 0.0 0.0 0.25 0.0	-1304.0 -708.0 0.0 0.0 0.0 0.25 0.0	-1144.0 -708.0 0.0 0.0 0.0 0.25 0.0  1
-1780.0 -800.0 0.0 0.0 0.0 0.25 0.0	-1304.0 -800.0 0.0 0.0 0.0 0.25 0.0	-1780.0 -672.0 0.0 0.0 0.0 0.25 0.0	-1304.0 -672.0 0.0 0.0 0.0 0.25 0.0  1
-1936.0 -800.0 0.0 0.0 0.0 0.25 0.0	-1780.0 -800.0 0.0 0.0 0.0 0.25 0.0	-1936.0 -708.0 0.0 0.0 0.0 0.25 0.0	-1780.0 -708.0 0.0 0.0 0.0 0.25 0.0  1
-2000.0 -800.0 0.0 0.0 0.0 0.25 0.0	-1936.0 -800.0 0.0 0.0 0.0 0.25 0.0	-2000.0 -696.0 0.0 0.0 0.0 0.25 0.0	-1936.0 -696.0 0.0 0.0 0.0 0.25 0.0  1
-2200.0 -484.0 0.0 0.0 0.0 0.25 0.0	-2048.0 -484.0 0.0 0.0 0.0 0.25 0.0	-2200.0 -192.0 0.0 0.0 0.0 0.25 0.0	-2048.0 -192.0 0.0 0.0 0.0 0.25 0.0  1
-2200.0 -192.0 0.0 0.0 0.0 0.25 0.0	-2016.0 -192.0 0.0 0.0 0.0 0.25 0.0	-2200.0 -112.0 0.0 0.0 0.0 0.25 0.0	-2016.0 -112.0 0.0 0.0 0.0 0.25 0.0  1
-2016.0 -166.0 0.0 0.0 0.0 0.25 0.0	-1884.0 -166.0 0.0 0.0 0.0 0.25 0.0	-2016.0 -110.0 0.0 0.0 0.0 0.25 0.0	-1884.0 -110.0 0.0 0.0 0.0 0.25 0.0  1
-1686.0 -222.0 0.0 0.0 0.0 0.25 0.0	-1574.0 -222.0 0.0 0.0 0.0 0.25 0.0	-1686.0 -198.0 0.0 0.0 0.0 0.25 0.0	-1574.0 -198.0 0.0 0.0 0.0 0.25 0.0  1
2290.0 -800.0 -0.0001 0.0 0.0 0.25 0.0	2332.0 -800.0 -0.0001 0.0 0.0 0.25 0.0	2290.0 -132.0 -0.0001 0.0 0.0 0.25 0.0	2332.0 -132.0 -0.0001 0.0 0.0 0.25 0.0  1
-400.0 -848.0 0.0001 0.0 0.0 0.25 0.0	-256.0 -848.0 0.0001 0.0 0.0 0.25 0.0	-400.0 -800.0 0.0001 0.0 0.0 0.25 0.0	-256.0 -800.0 0.0001 0.0 0.0 0.25 0.0  1
700.0 -700.0 0.0 0.0 0.0 0.25 0.0	800.0 -700.0 0.0 0.0 0.0 0.25 0.0	700.0 -600.0 0.0 0.0 0.0 0.25 0.0	800.0 -600.0 0.0 0.0 0.0 0.25 0.0  1
700.0 -800.0 0.0 0.0 0.0 0.25 0.0	740.0 -800.0 0.0 0.0 0.0 0.25 0.0	700.0 -700.0 0.0 0.0 0.0 0.25 0.0	740.0 -700.0 0.0 0.0 0.0 0.25 0.0  1
740.0 -720.0 0.0 0.0 0.0 0.25 0.0	760.0 -720.0 0.0 0.0 0.0 0.25 0.0	740.0 -700.0 0.0 0.0 0.0 0.25 0.0	760.0 -700.0 0.0 0.0 0.0 0.25 0.0  1
740.0 -800.0 0.0 0.0 0.0 0.25 0.0	760.0 -800.0 0.0 0.0 0.0 0.25 0.0	740.0 -780.0 0.0 0.0 0.0 0.25 0.0	760.0 -780.0 0.0 0.0 0.0 0.25 0.0  1
1118.0 -646.0 12.2 0.0 0.0 0.25 0.0	1126.0 -646.0 12.2 0.0 0.0 0.25 0.0	1118.0 -638.0 12.2 0.0 0.0 0.25 0.0	1126.0 -638.0 12.2 0.0 0.0 0.25 0.0  1
800.0 -690.0 0.0 0.0 0.0 0.25 0.0	840.0 -690.0 0.0 0.0 0.0 0.25 0.0	800.0 -590.0 0.0 0.0 0.0 0.25 0.0	840.0 -590.0 0.0 0.0 0.0 0.25 0.0  1
-800.0 -472.0 -0.0001 0.0 0.0 0.25 0.0	-456.0 -472.0 -0.0001 0.0 0.0 0.25 0.0	-800.0 -408.0 -0.0001 0.0 0.0 0.25 0.0	-456.0 -408.0 -0.0001 0.0 0.0 0.25 0.0  1
-460.0 -712.0 0.0001 0.0 0.0 0.25 0.0	-340.0 -712.0 0.0001 0.0 0.0 0.25 0.0	-460.0 -472.0 0.0001 0.0 0.0 0.25 0.0	-340.0 -472.0 0.0001 0.0 0.0 0.25 0.0  1
-3000.0 -3000.0 0.0 0.0 0.0 0.25 0.0	3000.0 -3000.0 0.0 0.0 0.0 0.25 0.0	-3000.0 -2400.0 0.0 0.0 0.0 0.25 0.0	3000.0 -2400.0 0.0 0.0 0.0 0.25 0.0  1
-800.0 -316.0 0.0 0.0 0.0 0.25 0.0	-656.0 -316.0 0.0 0.0 0.0 0.25 0.0	-800.0 -224.0 0.0 0.0 0.0 0.25 0.0	-656.0 -224.0 0.0 0.0 0.0 0.25 0.0  1
-800.0 -224.0 0.0001 0.0 0.0 0.25 0.0	-708.0 -224.0 0.0001 0.0 0.0 0.25 0.0	-800.0 -132.0 0.0001 0.0 0.0 0.25 0.0	-708.0 -132.0 0.0001 0.0 0.0 0.25 0.0  1
-400.0 -884.0 0.0 0.0 0.0 0.25 0.0	-228.0 -884.0 0.0 0.0 0.0 0.25 0.0	-400.0 -848.0 0.0 0.0 0.0 0.25 0.0	-228.0 -848.0 0.0 0.0 0.0 0.25 0.0  1
-400.0 -1072.0 -0.0003 0.0 0.0 0.25 0.0	-132.0 -1072.0 -0.0003 0.0 0.0 0.25 0.0	-400.0 -952.0 -0.0003 0.0 0.0 0.25 0.0	-132.0 -952.0 -0.0003 0.0 0.0 0.25 0.0  1
-132.0 -1072.0 -0.0003 0.0 0.0 0.25 0.0	-88.0 -1072.0 -0.0003 0.0 0.0 0.25 0.0	-132.0 -1040.0 -0.0003 0.0 0.0 0.25 0.0	-88.0 -1040.0 -0.0003 0.0 0.0 0.25 0.0  1
-88.0 -1072.0 -0.0002 0.0 0.0 0.25 0.0	-36.0 -1072.0 -0.0002 0.0 0.0 0.25 0.0	-88.0 -960.0 -0.0002 0.0 0.0 0.25 0.0	-36.0 -960.0 -0.0002 0.0 0.0 0.25 0.0  1
324.0 -180.0 -0.0001 0.0 0.0 0.25 0.0	400.0 -180.0 -0.0001 0.0 0.0 0.25 0.0	324.0 -64.0 -0.0001 0.0 0.0 0.25 0.0	400.0 -64.0 -0.0001 0.0 0.0 0.25 0.0  1
-36.0 -1072.0 -0.0001 0.0 0.0 0.25 0.0	28.0 -1072.0 -0.0001 0.0 0.0 0.25 0.0	-36.0 -944.0 -0.0001 0.0 0.0 0.25 0.0	28.0 -944.0 -0.0001 0.0 0.0 0.25 0.0  1
476.0 -800.0 0.0 0.0 0.0 0.25 0.0	600.0 -800.0 0.0 0.0 0.0 0.25 0.0	476.0 -92.0 0.0 0.0 0.0 0.25 0.0	600.0 -92.0 0.0 0.0 0.0 0.25 0.0  1
372.0 -256.0 -0.0003 0.0 0.0 0.25 0.0	476.0 -256.0 -0.0003 0.0 0.0 0.25 0.0	372.0 -180.0 -0.0003 0.0 0.0 0.25 0.0	476.0 -180.0 -0.0003 0.0 0.0 0.25 0.0  1
380.0 -456.0 -0.0002 0.0 0.0 0.25 0.0	476.0 -456.0 -0.0002 0.0 0.0 0.25 0.0	380.0 -256.0 -0.0002 0.0 0.0 0.25 0.0	476.0 -256.0 -0.0002 0.0 0.0 0.25 0.0  1
288.0 -720.0 0.0002 0.0 0.0 0.25 0.0	476.0 -720.0 0.0002 0.0 0.0 0.25 0.0	288.0 -640.0 0.0002 0.0 0.0 0.25 0.0	476.0 -640.0 0.0002 0.0 0.0 0.25 0.0  1
336.0 -640.0 0.0001 0.0 0.0 0.25 0.0	476.0 -640.0 0.0001 0.0 0.0 0.25 0.0	336.0 -556.0 0.0001 0.0 0.0 0.25 0.0	476.0 -556.0 0.0001 0.0 0.0 0.25 0.0  1
188.0 -1072.0 0.0001 0.0 0.0 0.25 0.0	400.0 -1072.0 0.0001 0.0 0.0 0.25 0.0	188.0 -884.0 0.0001 0.0 0.0 0.25 0.0	400.0 -884.0 0.0001 0.0 0.0 0.25 0.0  1
28.0 -1072.0 0.0 0.0 0.0 0.25 0.0	112.0 -1072.0 0.0 0.0 0.0 0.25 0.0	28.0 -980.0 0.0 0.0 0.0 0.25 0.0	112.0 -980.0 0.0 0.0 0.0 0.25 0.0  1
400.0 -180.0 -0.0002 0.0 0.0 0.25 0.0	476.0 -180.0 -0.0002 0.0 0.0 0.25 0.0	400.0 -32.0 -0.0002 0.0 0.0 0.25 0.0	476.0 -32.0 -0.0002 0.0 0.0 0.25 0.0  1
244.0 32.0 0.0 0.0 0.0 0.25 0.0	376.0 32.0 0.0 0.0 0.0 0.25 0.0	244.0 92.0 0.0 0.0 0.0 0.25 0.0	376.0 92.0 0.0 0.0 0.0 0.25 0.0  1
236.0 92.0 0.0 0.0 0.0 0.25 0.0	376.0 92.0 0.0 0.0 0.0 0.25 0.0	236.0 280.0 0.0 0.0 0.0 0.25 0.0	376.0 280.0 0.0 0.0 0.0 0.25 0.0  1
-786.0 170.0 0.0001 0.0 0.0 0.25 0.0	-652.0 170.0 0.0001 0.0 0.0 0.25 0.0	-786.0 286.0 0.0001 0.0 0.0 0.25 0.0	-652.0 286.0 0.0001 0.0 0.0 0.25 0.0  1
-800.0 -132.0 0.0001 0.0 0.0 0.25 0.0	-632.0 -132.0 0.0001 0.0 0.0 0.25 0.0	-800.0 -32.0 0.0001 0.0 0.0 0.25 0.0	-632.0 -32.0 0.0001 0.0 0.0 0.25 0.0  1
-1212.0 -96.0 0.0 0.0 0.0 0.25 0.0	-1100.0 -96.0 0.0 0.0 0.0 0.25 0.0	-1212.0 -8.0 0.0 0.0 0.0 0.25 0.0	-1100.0 -8.0 0.0 0.0 0.0 0.25 0.0  1
2712.0 -6.10352e-005 -0.0001 0.0 0.0 0.25 0.0	2800.0 -6.10352e-005 -0.0001 0.0 0.0 0.25 0.0	2712.0 308.0 -0.0001 0.0 0.0 0.25 0.0	2800.0 308.0 -0.0001 0.0 0.0 0.25 0.0  1
-786.0 86.0 0.0 0.0 0.0 0.25 0.0	-634.0 86.0 0.0 0.0 0.0 0.25 0.0	-786.0 138.0 0.0 0.0 0.0 0.25 0.0	-634.0 138.0 0.0 0.0 0.0 0.25 0.0  1
-954.0 120.0 0.0001 0.0 0.0 0.25 0.0	-786.0 120.0 0.0001 0.0 0.0 0.25 0.0	-954.0 194.0 0.0001 0.0 0.0 0.25 0.0	-786.0 194.0 0.0001 0.0 0.0 0.25 0.0  1
-504.0 -8.0 0.0 0.0 0.0 0.25 0.0	-504.0 -8.0 0.0 0.0 0.0 0.25 0.0	-504.0 -8.0 0.0 0.0 0.0 0.25 0.0	-504.0 -8.0 0.0 0.0 0.0 0.25 0.0  1
520.0 34.0 -0.0001 0.0 0.0 0.25 0.0	740.0 34.0 -0.0001 0.0 0.0 0.25 0.0	520.0 210.0 -0.0001 0.0 0.0 0.25 0.0	740.0 210.0 -0.0001 0.0 0.0 0.25 0.0  1
720.0 20.0 0.0 0.0 0.0 0.25 0.0	740.0 20.0 0.0 0.0 0.0 0.25 0.0	720.0 60.0 0.0 0.0 0.0 0.25 0.0	740.0 60.0 0.0 0.0 0.0 0.25 0.0  1
680.0 10.0 0.0 0.0 0.0 0.25 0.0	720.0 10.0 0.0 0.0 0.0 0.25 0.0	680.0 50.0 0.0 0.0 0.0 0.25 0.0	720.0 50.0 0.0 0.0 0.0 0.25 0.0  1
600.0 -3.8147e-006 0.0 0.0 0.0 0.25 0.0	680.0 -3.8147e-006 0.0 0.0 0.0 0.25 0.0	600.0 36.0 0.0 0.0 0.0 0.25 0.0	680.0 36.0 0.0 0.0 0.0 0.25 0.0  1
720.0 -40.0 0.0 0.0 0.0 0.25 0.0	760.0 -40.0 0.0 0.0 0.0 0.25 0.0	720.0 -3.8147e-006 0.0 0.0 0.0 0.25 0.0	760.0 -3.8147e-006 0.0 0.0 0.0 0.25 0.0  1
700.0 -140.0 0.0 0.0 0.0 0.25 0.0	720.0 -140.0 0.0 0.0 0.0 0.25 0.0	700.0 0.0 0.0 0.0 0.0 0.25 0.0	720.0 0.0 0.0 0.0 0.0 0.25 0.0  1
600.0 -800.0 0.0 0.0 0.0 0.25 0.0	700.0 -800.0 0.0 0.0 0.0 0.25 0.0	600.0 0.0 0.0 0.0 0.0 0.25 0.0	700.0 0.0 0.0 0.0 0.0 0.25 0.0  1
1600.0 100.0 0.0 0.0 0.0 0.25 0.0	1800.0 100.0 0.0 0.0 0.0 0.25 0.0	1600.0 200.0 0.0 0.0 0.0 0.25 0.0	1800.0 200.0 0.0 0.0 0.0 0.25 0.0  1
1410.0 -200.0 0.0 0.0 0.0 0.25 0.0	1500.0 -200.0 0.0 0.0 0.0 0.25 0.0	1410.0 0.0 0.0 0.0 0.0 0.25 0.0	1500.0 0.0 0.0 0.0 0.0 0.25 0.0  1
-2400.0 -7.62939e-006 0.0 0.0 0.0 0.25 0.0	-2200.0 -7.62939e-006 0.0 0.0 0.0 0.25 0.0	-2400.0 196.0 0.0 0.0 0.0 0.25 0.0	-2200.0 196.0 0.0 0.0 0.0 0.25 0.0  1
-1218.0 64.0 0.0 0.0 0.0 0.25 0.0	-786.0 64.0 0.0 0.0 0.0 0.25 0.0	-1218.0 120.0 0.0 0.0 0.0 0.25 0.0	-786.0 120.0 0.0 0.0 0.0 0.25 0.0  1
-1024.0 -1.52588e-005 0.0 0.0 0.0 0.25 0.0	-632.0 -1.52588e-005 0.0 0.0 0.0 0.25 0.0	-1024.0 64.0 0.0 0.0 0.0 0.25 0.0	-632.0 64.0 0.0 0.0 0.0 0.25 0.0  1
-2400.0 -800.0 0.0 0.0 0.0 0.25 0.0	-2200.0 -800.0 0.0 0.0 0.0 0.25 0.0	-2400.0 0.0 0.0 0.0 0.0 0.25 0.0	-2200.0 0.0 0.0 0.0 0.0 0.25 0.0  1
234.0 130.0 0.0 0.0 0.0 0.25 0.0	254.0 130.0 0.0 0.0 0.0 0.25 0.0	234.0 142.0 0.0 0.0 0.0 0.25 0.0	254.0 142.0 0.0 0.0 0.0 0.25 0.0  1
-72.0 192.0 14.0 0.0 0.0 0.25 0.0	-68.0 192.0 14.0 0.0 0.0 0.25 0.0	-72.0 200.0 14.0 0.0 0.0 0.25 0.0	-68.0 200.0 14.0 0.0 0.0 0.25 0.0  1
1600.0 -3.05176e-005 -0.0001 0.0 0.0 0.25 0.0	2304.0 -3.05176e-005 -0.0001 0.0 0.0 0.25 0.0	1600.0 100.0 -0.0001 0.0 0.0 0.25 0.0	2304.0 100.0 -0.0001 0.0 0.0 0.25 0.0  1
1500.0 -400.0 0.0 0.0 0.0 0.25 0.0	1600.0 -400.0 0.0 0.0 0.0 0.25 0.0	1500.0 100.0 0.0 0.0 0.0 0.25 0.0	1600.0 100.0 0.0 0.0 0.0 0.25 0.0  1
1600.0 -800.0 -0.0001 0.0 0.0 0.25 0.0	2290.0 -800.0 -0.0001 0.0 0.0 0.25 0.0	1600.0 -6.10352e-005 -0.0001 0.0 0.0 0.25 0.0	2290.0 -6.10352e-005 -0.0001 0.0 0.0 0.25 0.0  1
312.0 -64.0 -0.0001 0.0 0.0 0.25 0.0	400.0 -64.0 -0.0001 0.0 0.0 0.25 0.0	312.0 32.0 -0.0001 0.0 0.0 0.25 0.0	400.0 32.0 -0.0001 0.0 0.0 0.25 0.0  1
2800.0 -800.0 0.0 0.0 0.0 0.25 0.0	3000.0 -800.0 0.0 0.0 0.0 0.25 0.0	2800.0 800.0 0.0 0.0 0.0 0.25 0.0	3000.0 800.0 0.0 0.0 0.0 0.25 0.0  1
-1100.0 -128.0 0.0 0.0 0.0 0.25 0.0	-800.0 -128.0 0.0 0.0 0.0 0.25 0.0	-1100.0 -1.52588e-005 0.0 0.0 0.0 0.25 0.0	-800.0 -1.52588e-005 0.0 0.0 0.0 0.25 0.0  1
524.0 -94.0 -0.0001 0.0 0.0 0.25 0.0	600.0 -94.0 -0.0001 0.0 0.0 0.25 0.0	524.0 34.0 -0.0001 0.0 0.0 0.25 0.0	600.0 34.0 -0.0001 0.0 0.0 0.25 0.0  1
-3000.0 -800.0 0.0 0.0 0.0 0.25 0.0	-2400.0 -800.0 0.0 0.0 0.0 0.25 0.0	-3000.0 2400.0 0.0 0.0 0.0 0.25 0.0	-2400.0 2400.0 0.0 0.0 0.0 0.25 0.0  1
-72.0 172.0 14.0 0.0 0.0 0.25 0.0	-68.0 172.0 14.0 0.0 0.0 0.25 0.0	-72.0 180.0 14.0 0.0 0.0 0.25 0.0	-68.0 180.0 14.0 0.0 0.0 0.25 0.0  1
1600.0 0.0 -9.91821e-005 0.0 0.0 0.25 0.0	1800.0 0.0 -9.91821e-005 0.0 0.0 0.25 0.0	1600.0 200.0 -9.91821e-005 0.0 0.0 0.25 0.0	1800.0 200.0 -9.91821e-005 0.0 0.0 0.25 0.0  1
2652.0 -6.10352e-005 -0.0002 0.0 0.0 0.25 0.0	2712.0 -6.10352e-005 -0.0002 0.0 0.0 0.25 0.0	2652.0 232.0 -0.0002 0.0 0.0 0.25 0.0	2712.0 232.0 -0.0002 0.0 0.0 0.25 0.0  1
2604.0 -6.10352e-005 -0.0001 0.0 0.0 0.25 0.0	2652.0 -6.10352e-005 -0.0001 0.0 0.0 0.25 0.0	2604.0 184.0 -0.0001 0.0 0.0 0.25 0.0	2652.0 184.0 -0.0001 0.0 0.0 0.25 0.0  1
2556.0 -6.10352e-005 -0.0003 0.0 0.0 0.25 0.0	2604.0 -6.10352e-005 -0.0003 0.0 0.0 0.25 0.0	2556.0 136.0 -0.0003 0.0 0.0 0.25 0.0	2604.0 136.0 -0.0003 0.0 0.0 0.25 0.0  1
2508.0 -6.10352e-005 -0.0003 0.0 0.0 0.25 0.0	2556.0 -6.10352e-005 -0.0003 0.0 0.0 0.25 0.0	2508.0 79.9999 -0.0003 0.0 0.0 0.25 0.0	2556.0 79.9999 -0.0003 0.0 0.0 0.25 0.0  1
2460.0 -6.10352e-005 -0.000400007 0.0 0.0 0.25 0.0	2508.0 -6.10352e-005 -0.000400007 0.0 0.0 0.25 0.0	2460.0 27.9999 -0.000400007 0.0 0.0 0.25 0.0	2508.0 27.9999 -0.000400007 0.0 0.0 0.25 0.0  1
-72.0 152.0 14.0 0.0 0.0 0.25 0.0	-68.0 152.0 14.0 0.0 0.0 0.25 0.0	-72.0 160.0 14.0 0.0 0.0 0.25 0.0	-68.0 160.0 14.0 0.0 0.0 0.25 0.0  1
2448.0 -140.0 -0.0001 0.0 0.0 0.25 0.0	2800.0 -140.0 -0.0001 0.0 0.0 0.25 0.0	2448.0 -6.10352e-005 -0.0001 0.0 0.0 0.25 0.0	2800.0 -6.10352e-005 -0.0001 0.0 0.0 0.25 0.0  1
2412.0 -140.0 -0.0002 0.0 0.0 0.25 0.0	2448.0 -140.0 -0.0002 0.0 0.0 0.25 0.0	2412.0 -28.0 -0.0002 0.0 0.0 0.25 0.0	2448.0 -28.0 -0.0002 0.0 0.0 0.25 0.0  1
18.0 -34.0 20.369 0.0 0.0 0.25 0.0	26.0 -34.0 20.369 0.0 0.0 0.25 0.0	18.0 -26.0 20.369 0.0 0.0 0.25 0.0	26.0 -26.0 20.369 0.0 0.0 0.25 0.0  1
32.0 110.0 14.4375 0.0 0.0 0.25 0.0	48.0 110.0 14.4375 0.0 0.0 0.25 0.0	32.0 126.0 14.4375 0.0 0.0 0.25 0.0	48.0 126.0 14.4375 0.0 0.0 0.25 0.0  1
-504.0 -8.0 0.0 0.0 0.0 0.25 0.0	-504.0 -8.0 0.0 0.0 0.0 0.25 0.0	-504.0 -8.0 0.0 0.0 0.0 0.25 0.0	-504.0 -8.0 0.0 0.0 0.0 0.25 0.0  1
-976.0 664.0 0.0001 0.0 0.0 0.25 0.0	-966.0 664.0 0.0001 0.0 0.0 0.25 0.0	-976.0 674.0 0.0001 0.0 0.0 0.25 0.0	-966.0 674.0 0.0001 0.0 0.0 0.25 0.0  1
-130.0 468.0 9.0 0.0 0.0 0.25 0.0	-118.0 468.0 9.0 0.0 0.0 0.25 0.0	-130.0 476.0 9.0 0.0 0.0 0.25 0.0	-118.0 476.0 9.0 0.0 0.0 0.25 0.0  1
-126.0 470.0 10.0 0.0 0.0 0.25 0.0	-122.0 470.0 10.0 0.0 0.0 0.25 0.0	-126.0 474.0 10.0 0.0 0.0 0.25 0.0	-122.0 474.0 10.0 0.0 0.0 0.25 0.0  1
2400.0 800.0 0.0 0.0 0.0 0.25 0.0	3000.0 800.0 0.0 0.0 0.0 0.25 0.0	2400.0 3000.0 0.0 0.0 0.0 0.25 0.0	3000.0 3000.0 0.0 0.0 0.0 0.25 0.0  1
-3000.0 2400.0 0.0 0.0 0.0 0.25 0.0	2400.0 2400.0 0.0 0.0 0.0 0.25 0.0	-3000.0 3000.0 0.0 0.0 0.0 0.25 0.0	2400.0 3000.0 0.0 0.0 0.0 0.25 0.0  1
2000.0 1200.0 0.0 0.0 0.0 0.25 0.0	2400.0 1200.0 0.0 0.0 0.0 0.25 0.0	2000.0 2400.0 0.0 0.0 0.0 0.25 0.0	2400.0 2400.0 0.0 0.0 0.0 0.25 0.0  1
664.0 620.0 0.0 0.0 0.0 0.25 0.0	800.0 620.0 0.0 0.0 0.0 0.25 0.0	664.0 1260.0 0.0 0.0 0.0 0.25 0.0	800.0 1260.0 0.0 0.0 0.0 0.25 0.0  1
200.0 796.0 0.0 0.0 0.0 0.25 0.0	400.0 796.0 0.0 0.0 0.0 0.25 0.0	200.0 1204.0 0.0 0.0 0.0 0.25 0.0	400.0 1204.0 0.0 0.0 0.0 0.25 0.0  1
800.0 1000.0 0.0 0.0 0.0 0.25 0.0	1600.0 1000.0 0.0 0.0 0.0 0.25 0.0	800.0 1200.0 0.0 0.0 0.0 0.25 0.0	1600.0 1200.0 0.0 0.0 0.0 0.25 0.0  1
800.0 1200.0 0.0 0.0 0.0 0.25 0.0	2000.0 1200.0 0.0 0.0 0.0 0.25 0.0	800.0 1400.0 0.0 0.0 0.0 0.25 0.0	2000.0 1400.0 0.0 0.0 0.0 0.25 0.0  1
1800.0 1000.0 0.0 0.0 0.0 0.25 0.0	2400.0 1000.0 0.0 0.0 0.0 0.25 0.0	1800.0 1200.0 0.0 0.0 0.0 0.25 0.0	2400.0 1200.0 0.0 0.0 0.0 0.25 0.0  1
1600.0 1400.0 0.0 0.0 0.0 0.25 0.0	2000.0 1400.0 0.0 0.0 0.0 0.25 0.0	1600.0 2400.0 0.0 0.0 0.0 0.25 0.0	2000.0 2400.0 0.0 0.0 0.0 0.25 0.0  1
112.0 1400.0 -0.0001 0.0 0.0 0.25 0.0	300.0 1400.0 -0.0001 0.0 0.0 0.25 0.0	112.0 2000.0 -0.0001 0.0 0.0 0.25 0.0	300.0 2000.0 -0.0001 0.0 0.0 0.25 0.0  1
400.0 2200.0 0.0 0.0 0.0 0.25 0.0	1600.0 2200.0 0.0 0.0 0.0 0.25 0.0	400.0 2400.0 0.0 0.0 0.0 0.25 0.0	1600.0 2400.0 0.0 0.0 0.0 0.25 0.0  1
2316.0 864.0 0.0 0.0 0.0 0.25 0.0	2400.0 864.0 0.0 0.0 0.0 0.25 0.0	2316.0 1000.0 0.0 0.0 0.0 0.25 0.0	2400.0 1000.0 0.0 0.0 0.0 0.25 0.0  1
-1600.0 2000.0 0.0 0.0 0.0 0.25 0.0	400.0 2000.0 0.0 0.0 0.0 0.25 0.0	-1600.0 2400.0 0.0 0.0 0.0 0.25 0.0	400.0 2400.0 0.0 0.0 0.0 0.25 0.0  1
-600.0 1786.0 0.0003 0.0 0.0 0.25 0.0	-428.0 1786.0 0.0003 0.0 0.0 0.25 0.0	-600.0 2000.0 0.0003 0.0 0.0 0.25 0.0	-428.0 2000.0 0.0003 0.0 0.0 0.25 0.0  1
96.0 1304.0 -0.0001 0.0 0.0 0.25 0.0	400.0 1304.0 -0.0001 0.0 0.0 0.25 0.0	96.0 1400.0 -0.0001 0.0 0.0 0.25 0.0	400.0 1400.0 -0.0001 0.0 0.0 0.25 0.0  1
458.0 1884.0 23.0 0.0 0.0 0.25 0.0	598.0 1884.0 23.0 0.0 0.0 0.25 0.0	458.0 1948.0 23.0 0.0 0.0 0.25 0.0	598.0 1948.0 23.0 0.0 0.0 0.25 0.0  1
600.0 2000.0 0.0 0.0 0.0 0.25 0.0	1600.0 2000.0 0.0 0.0 0.0 0.25 0.0	600.0 2200.0 0.0 0.0 0.0 0.25 0.0	1600.0 2200.0 0.0 0.0 0.0 0.25 0.0  1
840.0 1400.0 0.0 0.0 0.0 0.25 0.0	1200.0 1400.0 0.0 0.0 0.0 0.25 0.0	840.0 1500.0 0.0 0.0 0.0 0.25 0.0	1200.0 1500.0 0.0 0.0 0.0 0.25 0.0  1
1600.0 1064.0 0.0001 0.0 0.0 0.25 0.0	1800.0 1064.0 0.0001 0.0 0.0 0.25 0.0	1600.0 1200.0 0.0001 0.0 0.0 0.25 0.0	1800.0 1200.0 0.0001 0.0 0.0 0.25 0.0  1
1450.0 528.0 27.9795 0.0 0.0 0.25 0.0	1530.0 528.0 27.9795 0.0 0.0 0.25 0.0	1450.0 600.0 27.9795 0.0 0.0 0.25 0.0	1530.0 600.0 27.9795 0.0 0.0 0.25 0.0  1
-600.0 1598.0 0.0002 0.0 0.0 0.25 0.0	-520.0 1598.0 0.0002 0.0 0.0 0.25 0.0	-600.0 1786.0 0.0002 0.0 0.0 0.25 0.0	-520.0 1786.0 0.0002 0.0 0.0 0.25 0.0  1
-600.0 1398.0 0.0002 0.0 0.0 0.25 0.0	-550.0 1398.0 0.0002 0.0 0.0 0.25 0.0	-600.0 1598.0 0.0002 0.0 0.0 0.25 0.0	-550.0 1598.0 0.0002 0.0 0.0 0.25 0.0  1
-364.0 1750.0 0.0004 0.0 0.0 0.25 0.0	112.0 1750.0 0.0004 0.0 0.0 0.25 0.0	-364.0 2002.0 0.0004 0.0 0.0 0.25 0.0	112.0 2002.0 0.0004 0.0 0.0 0.25 0.0  1
-68.0 1650.0 0.0005 0.0 0.0 0.25 0.0	112.0 1650.0 0.0005 0.0 0.0 0.25 0.0	-68.0 1750.0 0.0005 0.0 0.0 0.25 0.0	112.0 1750.0 0.0005 0.0 0.0 0.25 0.0  1
168.0 496.0 0.0001 0.0 0.0 0.25 0.0	400.0 496.0 0.0001 0.0 0.0 0.25 0.0	168.0 796.0 0.0001 0.0 0.0 0.25 0.0	400.0 796.0 0.0001 0.0 0.0 0.25 0.0  1
-1172.0 1682.0 35.3427 0.0 0.0 0.25 0.0	-1148.0 1682.0 35.3427 0.0 0.0 0.25 0.0	-1172.0 1698.0 35.3427 0.0 0.0 0.25 0.0	-1148.0 1698.0 35.3427 0.0 0.0 0.25 0.0  1
-624.0 374.0 0.0003 0.0 0.0 0.25 0.0	-580.0 374.0 0.0003 0.0 0.0 0.25 0.0	-624.0 454.0 0.0003 0.0 0.0 0.25 0.0	-580.0 454.0 0.0003 0.0 0.0 0.25 0.0  1
-2400.0 1136.0 0.0 0.0 0.0 0.25 0.0	-1600.0 1136.0 0.0 0.0 0.0 0.25 0.0	-2400.0 2400.0 0.0 0.0 0.0 0.25 0.0	-1600.0 2400.0 0.0 0.0 0.0 0.25 0.0  1
-1600.0 1800.0 0.0 0.0 0.0 0.25 0.0	-1296.0 1800.0 0.0 0.0 0.0 0.25 0.0	-1600.0 2000.0 0.0 0.0 0.0 0.25 0.0	-1296.0 2000.0 0.0 0.0 0.0 0.25 0.0  1
-816.0 798.0 0.0004 0.0 0.0 0.25 0.0	-776.0 798.0 0.0004 0.0 0.0 0.25 0.0	-816.0 998.0 0.0004 0.0 0.0 0.25 0.0	-776.0 998.0 0.0004 0.0 0.0 0.25 0.0  1
-2400.0 580.0 0.0 0.0 0.0 0.25 0.0	-1800.0 580.0 0.0 0.0 0.0 0.25 0.0	-2400.0 800.0 0.0 0.0 0.0 0.25 0.0	-1800.0 800.0 0.0 0.0 0.0 0.25 0.0  1
800.0 600.0 0.0 0.0 0.0 0.25 0.0	832.0 600.0 0.0 0.0 0.0 0.25 0.0	800.0 1000.0 0.0 0.0 0.0 0.25 0.0	832.0 1000.0 0.0 0.0 0.0 0.25 0.0  1
832.0 840.0 0.0 0.0 0.0 0.25 0.0	1000.0 840.0 0.0 0.0 0.0 0.25 0.0	832.0 1000.0 0.0 0.0 0.0 0.25 0.0	1000.0 1000.0 0.0 0.0 0.0 0.25 0.0  1
880.0 722.0 9.69531 0.0 0.0 0.25 0.0	912.0 722.0 9.69531 0.0 0.0 0.25 0.0	880.0 774.0 9.69531 0.0 0.0 0.25 0.0	912.0 774.0 9.69531 0.0 0.0 0.25 0.0  1
910.0 702.0 9.0 0.0 0.0 0.25 0.0	914.0 702.0 9.0 0.0 0.0 0.25 0.0	910.0 718.0 9.0 0.0 0.0 0.25 0.0	914.0 718.0 9.0 0.0 0.0 0.25 0.0  1
874.0 710.0 9.0 0.0 0.0 0.25 0.0	878.0 710.0 9.0 0.0 0.0 0.25 0.0	874.0 718.0 9.0 0.0 0.0 0.25 0.0	878.0 718.0 9.0 0.0 0.0 0.25 0.0  1
878.0 698.0 9.0 0.0 0.0 0.25 0.0	882.0 698.0 9.0 0.0 0.0 0.25 0.0	878.0 718.0 9.0 0.0 0.0 0.25 0.0	882.0 718.0 9.0 0.0 0.0 0.25 0.0  1
882.0 694.0 9.0 0.0 0.0 0.25 0.0	890.0 694.0 9.0 0.0 0.0 0.25 0.0	882.0 718.0 9.0 0.0 0.0 0.25 0.0	890.0 718.0 9.0 0.0 0.0 0.25 0.0  1
890.0 690.0 9.0 0.0 0.0 0.25 0.0	902.0 690.0 9.0 0.0 0.0 0.25 0.0	890.0 718.0 9.0 0.0 0.0 0.25 0.0	902.0 718.0 9.0 0.0 0.0 0.25 0.0  1
902.0 694.0 9.0 0.0 0.0 0.25 0.0	910.0 694.0 9.0 0.0 0.0 0.25 0.0	902.0 718.0 9.0 0.0 0.0 0.25 0.0	910.0 718.0 9.0 0.0 0.0 0.25 0.0  1
-2400.0 480.0 0.0 0.0 0.0 0.25 0.0	-1856.0 480.0 0.0 0.0 0.0 0.25 0.0	-2400.0 580.0 0.0 0.0 0.0 0.25 0.0	-1856.0 580.0 0.0 0.0 0.0 0.25 0.0  1
-2400.0 256.0 0.0 0.0 0.0 0.25 0.0	-2052.0 256.0 0.0 0.0 0.0 0.25 0.0	-2400.0 360.0 0.0 0.0 0.0 0.25 0.0	-2052.0 360.0 0.0 0.0 0.0 0.25 0.0  1
-2400.0 228.0 0.0 0.0 0.0 0.25 0.0	-2112.0 228.0 0.0 0.0 0.0 0.25 0.0	-2400.0 256.0 0.0 0.0 0.0 0.25 0.0	-2112.0 256.0 0.0 0.0 0.0 0.25 0.0  1
-820.0 998.0 0.0005 0.0 0.0 0.25 0.0	-776.0 998.0 0.0005 0.0 0.0 0.25 0.0	-820.0 1042.0 0.0005 0.0 0.0 0.25 0.0	-776.0 1042.0 0.0005 0.0 0.0 0.25 0.0  1
-1006.0 508.0 0.0001 0.0 0.0 0.25 0.0	-966.0 508.0 0.0001 0.0 0.0 0.25 0.0	-1006.0 664.0 0.0001 0.0 0.0 0.25 0.0	-966.0 664.0 0.0001 0.0 0.0 0.25 0.0  1
-1050.0 508.0 0.0002 0.0 0.0 0.25 0.0	-1006.0 508.0 0.0002 0.0 0.0 0.25 0.0	-1050.0 592.0 0.0002 0.0 0.0 0.25 0.0	-1006.0 592.0 0.0002 0.0 0.0 0.25 0.0  1
-1800.0 760.0 0.0 0.0 0.0 0.25 0.0	-1760.0 760.0 0.0 0.0 0.0 0.25 0.0	-1800.0 800.0 0.0 0.0 0.0 0.25 0.0	-1760.0 800.0 0.0 0.0 0.0 0.25 0.0  1
-2400.0 800.0 0.0 0.0 0.0 0.25 0.0	-1860.0 800.0 0.0 0.0 0.0 0.25 0.0	-2400.0 1136.0 0.0 0.0 0.0 0.25 0.0	-1860.0 1136.0 0.0 0.0 0.0 0.25 0.0  1
-1860.0 948.0 0.0 0.0 0.0 0.25 0.0	-1660.0 948.0 0.0 0.0 0.0 0.25 0.0	-1860.0 1136.0 0.0 0.0 0.0 0.25 0.0	-1660.0 1136.0 0.0 0.0 0.0 0.25 0.0  1
-2400.0 360.0 0.0 0.0 0.0 0.25 0.0	-1936.0 360.0 0.0 0.0 0.0 0.25 0.0	-2400.0 480.0 0.0 0.0 0.0 0.25 0.0	-1936.0 480.0 0.0 0.0 0.0 0.25 0.0  1
-1114.0 194.0 0.0001 0.0 0.0 0.25 0.0	-786.0 194.0 0.0001 0.0 0.0 0.25 0.0	-1114.0 258.0 0.0001 0.0 0.0 0.25 0.0	-786.0 258.0 0.0001 0.0 0.0 0.25 0.0  1
-926.0 258.0 0.0001 0.0 0.0 0.25 0.0	-786.0 258.0 0.0001 0.0 0.0 0.25 0.0	-926.0 360.0 0.0001 0.0 0.0 0.25 0.0	-786.0 360.0 0.0001 0.0 0.0 0.25 0.0  1
-1098.0 360.0 0.0001 0.0 0.0 0.25 0.0	-786.0 360.0 0.0001 0.0 0.0 0.25 0.0	-1098.0 428.0 0.0001 0.0 0.0 0.25 0.0	-786.0 428.0 0.0001 0.0 0.0 0.25 0.0  1
-942.0 428.0 0.0 0.0 0.0 0.25 0.0	-786.0 428.0 0.0 0.0 0.0 0.25 0.0	-942.0 472.0 0.0 0.0 0.0 0.25 0.0	-786.0 472.0 0.0 0.0 0.0 0.25 0.0  1
-1046.0 472.0 0.0 0.0 0.0 0.25 0.0	-786.0 472.0 0.0 0.0 0.0 0.25 0.0	-1046.0 508.0 0.0 0.0 0.0 0.25 0.0	-786.0 508.0 0.0 0.0 0.0 0.25 0.0  1
300.0 1900.0 0.0 0.0 0.0 0.25 0.0	350.0 1900.0 0.0 0.0 0.0 0.25 0.0	300.0 2000.0 0.0 0.0 0.0 0.25 0.0	350.0 2000.0 0.0 0.0 0.0 0.25 0.0  1
300.0 1400.0 0.0 0.0 0.0 0.25 0.0	328.0 1400.0 0.0 0.0 0.0 0.25 0.0	300.0 1480.0 0.0 0.0 0.0 0.25 0.0	328.0 1480.0 0.0 0.0 0.0 0.25 0.0  1
1300.0 1900.0 0.0 0.0 0.0 0.25 0.0	1600.0 1900.0 0.0 0.0 0.0 0.25 0.0	1300.0 2000.0 0.0 0.0 0.0 0.25 0.0	1600.0 2000.0 0.0 0.0 0.0 0.25 0.0  1
1400.0 1800.0 0.0 0.0 0.0 0.25 0.0	1600.0 1800.0 0.0 0.0 0.0 0.25 0.0	1400.0 1900.0 0.0 0.0 0.0 0.25 0.0	1600.0 1900.0 0.0 0.0 0.0 0.25 0.0  1
1300.0 1400.0 0.0 0.0 0.0 0.25 0.0	1600.0 1400.0 0.0 0.0 0.0 0.25 0.0	1300.0 1600.0 0.0 0.0 0.0 0.25 0.0	1600.0 1600.0 0.0 0.0 0.0 0.25 0.0  1
1376.0 1850.0 0.0 0.0 0.0 0.25 0.0	1400.0 1850.0 0.0 0.0 0.0 0.25 0.0	1376.0 1900.0 0.0 0.0 0.0 0.25 0.0	1400.0 1900.0 0.0 0.0 0.0 0.25 0.0  1
400.0 2040.0 0.0 0.0 0.0 0.25 0.0	600.0 2040.0 0.0 0.0 0.0 0.25 0.0	400.0 2200.0 0.0 0.0 0.0 0.25 0.0	600.0 2200.0 0.0 0.0 0.0 0.25 0.0  1
680.0 1260.0 0.0 0.0 0.0 0.25 0.0	800.0 1260.0 0.0 0.0 0.0 0.25 0.0	680.0 1290.0 0.0 0.0 0.0 0.25 0.0	800.0 1290.0 0.0 0.0 0.0 0.25 0.0  1
-966.0 508.0 0.0 0.0 0.0 0.25 0.0	-786.0 508.0 0.0 0.0 0.0 0.25 0.0	-966.0 766.0 0.0 0.0 0.0 0.25 0.0	-786.0 766.0 0.0 0.0 0.0 0.25 0.0  1
-844.0 766.0 0.0004 0.0 0.0 0.25 0.0	-632.0 766.0 0.0004 0.0 0.0 0.25 0.0	-844.0 798.0 0.0004 0.0 0.0 0.25 0.0	-632.0 798.0 0.0004 0.0 0.0 0.25 0.0  1
-1434.0 1476.0 24.4097 0.0 0.0 0.25 0.0	-1414.0 1476.0 24.4097 0.0 0.0 0.25 0.0	-1434.0 1508.0 24.4097 0.0 0.0 0.25 0.0	-1414.0 1508.0 24.4097 0.0 0.0 0.25 0.0  1
-1338.0 1498.0 18.6081 0.0 0.0 0.25 0.0	-1318.0 1498.0 18.6081 0.0 0.0 0.25 0.0	-1338.0 1534.0 18.6081 0.0 0.0 0.25 0.0	-1318.0 1534.0 18.6081 0.0 0.0 0.25 0.0  1
-1600.0 1560.0 0.0 0.0 0.0 0.25 0.0	-1400.0 1560.0 0.0 0.0 0.0 0.25 0.0	-1600.0 1800.0 0.0 0.0 0.0 0.25 0.0	-1400.0 1800.0 0.0 0.0 0.0 0.25 0.0  1
-1600.0 1400.0 0.0 0.0 0.0 0.25 0.0	-1444.0 1400.0 0.0 0.0 0.0 0.25 0.0	-1600.0 1560.0 0.0 0.0 0.0 0.25 0.0	-1444.0 1560.0 0.0 0.0 0.0 0.25 0.0  1
-1600.0 1136.0 0.0 0.0 0.0 0.25 0.0	-1500.0 1136.0 0.0 0.0 0.0 0.25 0.0	-1600.0 1400.0 0.0 0.0 0.0 0.25 0.0	-1500.0 1400.0 0.0 0.0 0.0 0.25 0.0  1
-20.0 1524.0 -0.0001 0.0 0.0 0.25 0.0	112.0 1524.0 -0.0001 0.0 0.0 0.25 0.0	-20.0 1652.0 -0.0001 0.0 0.0 0.25 0.0	112.0 1652.0 -0.0001 0.0 0.0 0.25 0.0  1
140.0 1204.0 -0.0001 0.0 0.0 0.25 0.0	400.0 1204.0 -0.0001 0.0 0.0 0.25 0.0	140.0 1304.0 -0.0001 0.0 0.0 0.25 0.0	400.0 1304.0 -0.0001 0.0 0.0 0.25 0.0  1
-232.0 980.0 4.0 0.0 0.0 0.25 0.0	-112.0 980.0 4.0 0.0 0.0 0.25 0.0	-232.0 1116.0 4.0 0.0 0.0 0.25 0.0	-112.0 1116.0 4.0 0.0 0.0 0.25 0.0  1
-238.0 892.0 4.0 0.0 0.0 0.25 0.0	-194.0 892.0 4.0 0.0 0.0 0.25 0.0	-238.0 980.0 4.0 0.0 0.0 0.25 0.0	-194.0 980.0 4.0 0.0 0.0 0.25 0.0  1
-282.0 788.0 4.0 0.0 0.0 0.25 0.0	-190.0 788.0 4.0 0.0 0.0 0.25 0.0	-282.0 892.0 4.0 0.0 0.0 0.25 0.0	-190.0 892.0 4.0 0.0 0.0 0.25 0.0  1
-250.0 752.0 6.0 0.0 0.0 0.25 0.0	-222.0 752.0 6.0 0.0 0.0 0.25 0.0	-250.0 784.0 6.0 0.0 0.0 0.25 0.0	-222.0 784.0 6.0 0.0 0.0 0.25 0.0  1
532.0 310.0 0.0001 0.0 0.0 0.25 0.0	740.0 310.0 0.0001 0.0 0.0 0.25 0.0	532.0 378.0 0.0001 0.0 0.0 0.25 0.0	740.0 378.0 0.0001 0.0 0.0 0.25 0.0  1
740.0 310.0 0.0 0.0 0.0 0.25 0.0	770.0 310.0 0.0 0.0 0.0 0.25 0.0	740.0 350.0 0.0 0.0 0.0 0.25 0.0	770.0 350.0 0.0 0.0 0.0 0.25 0.0  1
740.0 350.0 0.0 0.0 0.0 0.25 0.0	780.0 350.0 0.0 0.0 0.0 0.25 0.0	740.0 370.0 0.0 0.0 0.0 0.25 0.0	780.0 370.0 0.0 0.0 0.0 0.25 0.0  1
740.0 370.0 0.0 0.0 0.0 0.25 0.0	770.0 370.0 0.0 0.0 0.0 0.25 0.0	740.0 410.0 0.0 0.0 0.0 0.25 0.0	770.0 410.0 0.0 0.0 0.0 0.25 0.0  1
740.0 410.0 0.0 0.0 0.0 0.25 0.0	780.0 410.0 0.0 0.0 0.0 0.25 0.0	740.0 480.0 0.0 0.0 0.0 0.25 0.0	780.0 480.0 0.0 0.0 0.0 0.25 0.0  1
770.0 390.0 0.0 0.0 0.0 0.25 0.0	790.0 390.0 0.0 0.0 0.0 0.25 0.0	770.0 410.0 0.0 0.0 0.0 0.25 0.0	790.0 410.0 0.0 0.0 0.0 0.25 0.0  1
780.0 460.0 0.0 0.0 0.0 0.25 0.0	840.0 460.0 0.0 0.0 0.0 0.25 0.0	780.0 480.0 0.0 0.0 0.0 0.25 0.0	840.0 480.0 0.0 0.0 0.0 0.25 0.0  1
780.0 460.0 0.0 0.0 0.0 0.25 0.0	800.0 460.0 0.0 0.0 0.0 0.25 0.0	780.0 480.0 0.0 0.0 0.0 0.25 0.0	800.0 480.0 0.0 0.0 0.0 0.25 0.0  1
740.0 480.0 0.0 0.0 0.0 0.25 0.0	800.0 480.0 0.0 0.0 0.0 0.25 0.0	740.0 620.0 0.0 0.0 0.0 0.25 0.0	800.0 620.0 0.0 0.0 0.0 0.25 0.0  1
800.0 560.0 0.0 0.0 0.0 0.25 0.0	820.0 560.0 0.0 0.0 0.0 0.25 0.0	800.0 600.0 0.0 0.0 0.0 0.25 0.0	820.0 600.0 0.0 0.0 0.0 0.25 0.0  1
1500.0 1600.0 0.0 0.0 0.0 0.25 0.0	1600.0 1600.0 0.0 0.0 0.0 0.25 0.0	1500.0 1800.0 0.0 0.0 0.0 0.25 0.0	1600.0 1800.0 0.0 0.0 0.0 0.25 0.0  1
1020.0 1976.0 0.0 0.0 0.0 0.25 0.0	1100.0 1976.0 0.0 0.0 0.0 0.25 0.0	1020.0 2000.0 0.0 0.0 0.0 0.25 0.0	1100.0 2000.0 0.0 0.0 0.0 0.25 0.0  1
1450.0 1600.0 0.0 0.0 0.0 0.25 0.0	1500.0 1600.0 0.0 0.0 0.0 0.25 0.0	1450.0 1700.0 0.0 0.0 0.0 0.25 0.0	1500.0 1700.0 0.0 0.0 0.0 0.25 0.0  1
-1296.0 1908.0 0.0 0.0 0.0 0.25 0.0	-848.0 1908.0 0.0 0.0 0.0 0.25 0.0	-1296.0 2000.0 0.0 0.0 0.0 0.25 0.0	-848.0 2000.0 0.0 0.0 0.0 0.25 0.0  1
-1196.0 1840.0 0.0 0.0 0.0 0.25 0.0	-1024.0 1840.0 0.0 0.0 0.0 0.25 0.0	-1196.0 1908.0 0.0 0.0 0.0 0.25 0.0	-1024.0 1908.0 0.0 0.0 0.0 0.25 0.0  1
-908.0 1820.0 0.0 0.0 0.0 0.25 0.0	-848.0 1820.0 0.0 0.0 0.0 0.25 0.0	-908.0 1908.0 0.0 0.0 0.0 0.25 0.0	-848.0 1908.0 0.0 0.0 0.0 0.25 0.0  1
268.0 1888.0 0.0 0.0 0.0 0.25 0.0	300.0 1888.0 0.0 0.0 0.0 0.25 0.0	268.0 2000.0 0.0 0.0 0.0 0.25 0.0	300.0 2000.0 0.0 0.0 0.0 0.25 0.0  1
300.0 2000.0 0.0 0.0 0.0 0.25 0.0	400.0 2000.0 0.0 0.0 0.0 0.25 0.0	300.0 2080.0 0.0 0.0 0.0 0.25 0.0	400.0 2080.0 0.0 0.0 0.0 0.25 0.0  1
414.0 2040.0 0.0 0.0 0.0 0.25 0.0	600.0 2040.0 0.0 0.0 0.0 0.25 0.0	414.0 2136.0 0.0 0.0 0.0 0.25 0.0	600.0 2136.0 0.0 0.0 0.0 0.25 0.0  1
300.0 2000.0 0.0 0.0 0.0 0.25 0.0	372.0 2000.0 0.0 0.0 0.0 0.25 0.0	300.0 2056.0 0.0 0.0 0.0 0.25 0.0	372.0 2056.0 0.0 0.0 0.0 0.25 0.0  1
600.0 2000.0 0.0 0.0 0.0 0.25 0.0	1500.0 2000.0 0.0 0.0 0.0 0.25 0.0	600.0 2128.0 0.0 0.0 0.0 0.25 0.0	1500.0 2128.0 0.0 0.0 0.0 0.25 0.0  1
300.0 1920.0 0.0 0.0 0.0 0.25 0.0	324.0 1920.0 0.0 0.0 0.0 0.25 0.0	300.0 2000.0 0.0 0.0 0.0 0.25 0.0	324.0 2000.0 0.0 0.0 0.0 0.25 0.0  1
380.0 1204.0 0.0 0.0 0.0 0.25 0.0	400.0 1204.0 0.0 0.0 0.0 0.25 0.0	380.0 1400.0 0.0 0.0 0.0 0.25 0.0	400.0 1400.0 0.0 0.0 0.0 0.25 0.0  1
400.0 1260.0 0.0 0.0 0.0 0.25 0.0	400.0 1260.0 0.0 0.0 0.0 0.25 0.0	400.0 1260.0 0.0 0.0 0.0 0.25 0.0	400.0 1260.0 0.0 0.0 0.0 0.25 0.0  1
756.0 620.0 0.0 0.0 0.0 0.25 0.0	800.0 620.0 0.0 0.0 0.0 0.25 0.0	756.0 1144.0 0.0 0.0 0.0 0.25 0.0	800.0 1144.0 0.0 0.0 0.0 0.25 0.0  1
-776.0 878.0 0.0003 0.0 0.0 0.25 0.0	-688.0 878.0 0.0003 0.0 0.0 0.25 0.0	-776.0 1078.0 0.0003 0.0 0.0 0.25 0.0	-688.0 1078.0 0.0003 0.0 0.0 0.25 0.0  1
-776.0 798.0 0.0003 0.0 0.0 0.25 0.0	-648.0 798.0 0.0003 0.0 0.0 0.25 0.0	-776.0 878.0 0.0003 0.0 0.0 0.25 0.0	-648.0 878.0 0.0003 0.0 0.0 0.25 0.0  1
2452.0 756.0 0.0 0.0 0.0 0.25 0.0	2800.0 756.0 0.0 0.0 0.0 0.25 0.0	2452.0 800.0 0.0 0.0 0.0 0.25 0.0	2800.0 800.0 0.0 0.0 0.0 0.25 0.0  1
-1314.0 1676.0 29.0981 0.0 0.0 0.25 0.0	-1286.0 1676.0 29.0981 0.0 0.0 0.25 0.0	-1314.0 1692.0 29.0981 0.0 0.0 0.25 0.0	-1286.0 1692.0 29.0981 0.0 0.0 0.25 0.0  1
-1202.0 1836.0 0.0 0.0 0.0 0.25 0.0	-1022.0 1836.0 0.0 0.0 0.0 0.25 0.0	-1202.0 1892.0 0.0 0.0 0.0 0.25 0.0	-1022.0 1892.0 0.0 0.0 0.0 0.25 0.0  1
-1106.0 1892.0 0.0 0.0 0.0 0.25 0.0	-1022.0 1892.0 0.0 0.0 0.0 0.25 0.0	-1106.0 1972.0 0.0 0.0 0.0 0.25 0.0	-1022.0 1972.0 0.0 0.0 0.0 0.25 0.0  1
-1022.0 1820.0 0.0 0.0 0.0 0.25 0.0	-862.0 1820.0 0.0 0.0 0.0 0.25 0.0	-1022.0 1972.0 0.0 0.0 0.0 0.25 0.0	-862.0 1972.0 0.0 0.0 0.0 0.25 0.0  1
-862.0 1600.0 0.0 0.0 0.0 0.25 0.0	-778.0 1600.0 0.0 0.0 0.0 0.25 0.0	-862.0 2008.0 0.0 0.0 0.0 0.25 0.0	-778.0 2008.0 0.0 0.0 0.0 0.25 0.0  1
-776.0 1198.0 0.0004 0.0 0.0 0.25 0.0	-696.0 1198.0 0.0004 0.0 0.0 0.25 0.0	-776.0 1838.0 0.0004 0.0 0.0 0.25 0.0	-696.0 1838.0 0.0004 0.0 0.0 0.25 0.0  1
-812.0 1198.0 0.0004 0.0 0.0 0.25 0.0	-776.0 1198.0 0.0004 0.0 0.0 0.25 0.0	-812.0 1598.0 0.0004 0.0 0.0 0.25 0.0	-776.0 1598.0 0.0004 0.0 0.0 0.25 0.0  1
-1074.0 1972.0 0.0 0.0 0.0 0.25 0.0	-862.0 1972.0 0.0 0.0 0.0 0.25 0.0	-1074.0 2020.0 0.0 0.0 0.0 0.25 0.0	-862.0 2020.0 0.0 0.0 0.0 0.25 0.0  1
-1298.0 1892.0 0.0 0.0 0.0 0.25 0.0	-1106.0 1892.0 0.0 0.0 0.0 0.25 0.0	-1298.0 1940.0 0.0 0.0 0.0 0.25 0.0	-1106.0 1940.0 0.0 0.0 0.0 0.25 0.0  1
-1344.0 1798.0 0.0 0.0 0.0 0.25 0.0	-1296.0 1798.0 0.0 0.0 0.0 0.25 0.0	-1344.0 1938.0 0.0 0.0 0.0 0.25 0.0	-1296.0 1938.0 0.0 0.0 0.0 0.25 0.0  1
-1562.0 1134.0 0.0 0.0 0.0 0.25 0.0	-1494.0 1134.0 0.0 0.0 0.0 0.25 0.0	-1562.0 1402.0 0.0 0.0 0.0 0.25 0.0	-1494.0 1402.0 0.0 0.0 0.0 0.25 0.0  1
-1614.0 1126.0 0.0 0.0 0.0 0.25 0.0	-1562.0 1126.0 0.0 0.0 0.0 0.25 0.0	-1614.0 1402.0 0.0 0.0 0.0 0.25 0.0	-1562.0 1402.0 0.0 0.0 0.0 0.25 0.0  1
-1616.0 1402.0 0.0 0.0 0.0 0.25 0.0	-1464.0 1402.0 0.0 0.0 0.0 0.25 0.0	-1616.0 1454.0 0.0 0.0 0.0 0.25 0.0	-1464.0 1454.0 0.0 0.0 0.0 0.25 0.0  1
-844.0 798.0 0.0003 0.0 0.0 0.25 0.0	-816.0 798.0 0.0003 0.0 0.0 0.25 0.0	-844.0 830.0 0.0003 0.0 0.0 0.25 0.0	-816.0 830.0 0.0003 0.0 0.0 0.25 0.0  1
884.0 1500.0 0.0 0.0 0.0 0.25 0.0	908.0 1500.0 0.0 0.0 0.0 0.25 0.0	884.0 1550.0 0.0 0.0 0.0 0.25 0.0	908.0 1550.0 0.0 0.0 0.0 0.25 0.0  1
860.0 1500.0 0.0 0.0 0.0 0.25 0.0	884.0 1500.0 0.0 0.0 0.0 0.25 0.0	860.0 1550.0 0.0 0.0 0.0 0.25 0.0	884.0 1550.0 0.0 0.0 0.0 0.25 0.0  1
812.0 1500.0 0.0 0.0 0.0 0.25 0.0	836.0 1500.0 0.0 0.0 0.0 0.25 0.0	812.0 1550.0 0.0 0.0 0.0 0.25 0.0	836.0 1550.0 0.0 0.0 0.0 0.25 0.0  1
836.0 1500.0 0.0 0.0 0.0 0.25 0.0	860.0 1500.0 0.0 0.0 0.0 0.25 0.0	836.0 1550.0 0.0 0.0 0.0 0.25 0.0	860.0 1550.0 0.0 0.0 0.0 0.25 0.0  1
836.0 1550.0 0.0 0.0 0.0 0.25 0.0	860.0 1550.0 0.0 0.0 0.0 0.25 0.0	836.0 1580.0 0.0 0.0 0.0 0.25 0.0	860.0 1580.0 0.0 0.0 0.0 0.25 0.0  1
812.0 1550.0 0.0 0.0 0.0 0.25 0.0	836.0 1550.0 0.0 0.0 0.0 0.25 0.0	812.0 1580.0 0.0 0.0 0.0 0.25 0.0	836.0 1580.0 0.0 0.0 0.0 0.25 0.0  1
818.0 1556.0 0.0 0.0 0.0 0.25 0.0	854.0 1556.0 0.0 0.0 0.0 0.25 0.0	818.0 1572.0 0.0 0.0 0.0 0.25 0.0	854.0 1572.0 0.0 0.0 0.0 0.25 0.0  1
812.0 1500.0 0.0 0.0 0.0 0.25 0.0	908.0 1500.0 0.0 0.0 0.0 0.25 0.0	812.0 1550.0 0.0 0.0 0.0 0.25 0.0	908.0 1550.0 0.0 0.0 0.0 0.25 0.0  1
932.0 1500.0 0.0 0.0 0.0 0.25 0.0	956.0 1500.0 0.0 0.0 0.0 0.25 0.0	932.0 1550.0 0.0 0.0 0.0 0.25 0.0	956.0 1550.0 0.0 0.0 0.0 0.25 0.0  1
400.0 620.0 0.0 0.0 0.0 0.25 0.0	468.0 620.0 0.0 0.0 0.0 0.25 0.0	400.0 836.0 0.0 0.0 0.0 0.25 0.0	468.0 836.0 0.0 0.0 0.0 0.25 0.0  1
468.0 620.0 0.0 0.0 0.0 0.25 0.0	512.0 620.0 0.0 0.0 0.0 0.25 0.0	468.0 684.0 0.0 0.0 0.0 0.25 0.0	512.0 684.0 0.0 0.0 0.0 0.25 0.0  1
468.0 684.0 0.0 0.0 0.0 0.25 0.0	500.0 684.0 0.0 0.0 0.0 0.25 0.0	468.0 724.0 0.0 0.0 0.0 0.25 0.0	500.0 724.0 0.0 0.0 0.0 0.25 0.0  1
468.0 724.0 0.000100136 0.0 0.0 0.25 0.0	492.0 724.0 0.000100136 0.0 0.0 0.25 0.0	468.0 760.0 0.000100136 0.0 0.0 0.25 0.0	492.0 760.0 0.000100136 0.0 0.0 0.25 0.0  1
468.0 1104.0 0.0 0.0 0.0 0.25 0.0	664.0 1104.0 0.0 0.0 0.0 0.25 0.0	468.0 1260.0 0.0 0.0 0.0 0.25 0.0	664.0 1260.0 0.0 0.0 0.0 0.25 0.0  1
644.0 1076.0 0.0 0.0 0.0 0.25 0.0	664.0 1076.0 0.0 0.0 0.0 0.25 0.0	644.0 1104.0 0.0 0.0 0.0 0.25 0.0	664.0 1104.0 0.0 0.0 0.0 0.25 0.0  1
400.0 736.0 0.0 0.0 0.0 0.25 0.0	444.0 736.0 0.0 0.0 0.0 0.25 0.0	400.0 1260.0 0.0 0.0 0.0 0.25 0.0	444.0 1260.0 0.0 0.0 0.0 0.25 0.0  1
400.0 836.0 0.0 0.0 0.0 0.25 0.0	468.0 836.0 0.0 0.0 0.0 0.25 0.0	400.0 1260.0 0.0 0.0 0.0 0.25 0.0	468.0 1260.0 0.0 0.0 0.0 0.25 0.0  1
468.0 836.0 0.000100136 0.0 0.0 0.25 0.0	492.0 836.0 0.000100136 0.0 0.0 0.25 0.0	468.0 872.0 0.000100136 0.0 0.0 0.25 0.0	492.0 872.0 0.000100136 0.0 0.0 0.25 0.0  1
492.0 844.0 0.000100136 0.0 0.0 0.25 0.0	516.0 844.0 0.000100136 0.0 0.0 0.25 0.0	492.0 872.0 0.000100136 0.0 0.0 0.25 0.0	516.0 872.0 0.000100136 0.0 0.0 0.25 0.0  1
516.0 844.0 0.000100136 0.0 0.0 0.25 0.0	532.0 844.0 0.000100136 0.0 0.0 0.25 0.0	516.0 872.0 0.000100136 0.0 0.0 0.25 0.0	532.0 872.0 0.000100136 0.0 0.0 0.25 0.0  1
516.0 872.0 0.000100136 0.0 0.0 0.25 0.0	532.0 872.0 0.000100136 0.0 0.0 0.25 0.0	516.0 900.0 0.000100136 0.0 0.0 0.25 0.0	532.0 900.0 0.000100136 0.0 0.0 0.25 0.0  1
500.0 872.0 0.000100136 0.0 0.0 0.25 0.0	516.0 872.0 0.000100136 0.0 0.0 0.25 0.0	500.0 900.0 0.000100136 0.0 0.0 0.25 0.0	516.0 900.0 0.000100136 0.0 0.0 0.25 0.0  1
500.0 900.0 0.000100136 0.0 0.0 0.25 0.0	516.0 900.0 0.000100136 0.0 0.0 0.25 0.0	500.0 952.0 0.000100136 0.0 0.0 0.25 0.0	516.0 952.0 0.000100136 0.0 0.0 0.25 0.0  1
452.0 844.0 0.000100136 0.0 0.0 0.25 0.0	532.0 844.0 0.000100136 0.0 0.0 0.25 0.0	452.0 956.0 0.000100136 0.0 0.0 0.25 0.0	532.0 956.0 0.000100136 0.0 0.0 0.25 0.0  1
32.0 1400.0 -0.0001 0.0 0.0 0.25 0.0	112.0 1400.0 -0.0001 0.0 0.0 0.25 0.0	32.0 1524.0 -0.0001 0.0 0.0 0.25 0.0	112.0 1524.0 -0.0001 0.0 0.0 0.25 0.0  1
880.0 722.0 8.69531 0.0 0.0 0.25 0.0	912.0 722.0 8.69531 0.0 0.0 0.25 0.0	880.0 774.0 8.69531 0.0 0.0 0.25 0.0	912.0 774.0 8.69531 0.0 0.0 0.25 0.0  1
956.0 1500.0 -9.98974e-005 0.0 0.0 0.25 0.0	980.0 1500.0 -9.98974e-005 0.0 0.0 0.25 0.0	956.0 1550.0 -9.98974e-005 0.0 0.0 0.25 0.0	980.0 1550.0 -9.98974e-005 0.0 0.0 0.25 0.0  1
980.0 1500.0 -0.000199795 0.0 0.0 0.25 0.0	1004.0 1500.0 -0.000199795 0.0 0.0 0.25 0.0	980.0 1550.0 -0.000199795 0.0 0.0 0.25 0.0	1004.0 1550.0 -0.000199795 0.0 0.0 0.25 0.0  1
1028.0 1500.0 -0.000199692 0.0 0.0 0.25 0.0	1052.0 1500.0 -0.000199692 0.0 0.0 0.25 0.0	1028.0 1550.0 -0.000199692 0.0 0.0 0.25 0.0	1052.0 1550.0 -0.000199692 0.0 0.0 0.25 0.0  1
1052.0 1500.0 -0.00029959 0.0 0.0 0.25 0.0	1076.0 1500.0 -0.00029959 0.0 0.0 0.25 0.0	1052.0 1550.0 -0.00029959 0.0 0.0 0.25 0.0	1076.0 1550.0 -0.00029959 0.0 0.0 0.25 0.0  1
1004.0 1500.0 -9.97948e-005 0.0 0.0 0.25 0.0	1028.0 1500.0 -9.97948e-005 0.0 0.0 0.25 0.0	1004.0 1550.0 -9.97948e-005 0.0 0.0 0.25 0.0	1028.0 1550.0 -9.97948e-005 0.0 0.0 0.25 0.0  1
1076.0 1500.0 -0.00039959 0.0 0.0 0.25 0.0	1100.0 1500.0 -0.00039959 0.0 0.0 0.25 0.0	1076.0 1550.0 -0.00039959 0.0 0.0 0.25 0.0	1100.0 1550.0 -0.00039959 0.0 0.0 0.25 0.0  1
1100.0 1500.0 -0.00049959 0.0 0.0 0.25 0.0	1124.0 1500.0 -0.00049959 0.0 0.0 0.25 0.0	1100.0 1540.0 -0.00049959 0.0 0.0 0.25 0.0	1124.0 1540.0 -0.00049959 0.0 0.0 0.25 0.0  1
1004.0 1550.0 -0.000199795 0.0 0.0 0.25 0.0	1028.0 1550.0 -0.000199795 0.0 0.0 0.25 0.0	1004.0 1600.0 -0.000199795 0.0 0.0 0.25 0.0	1028.0 1600.0 -0.000199795 0.0 0.0 0.25 0.0  1
1028.0 1550.0 -9.97948e-005 0.0 0.0 0.25 0.0	1052.0 1550.0 -9.97948e-005 0.0 0.0 0.25 0.0	1028.0 1600.0 -9.97948e-005 0.0 0.0 0.25 0.0	1052.0 1600.0 -9.97948e-005 0.0 0.0 0.25 0.0  1
1052.0 1550.0 -0.000199795 0.0 0.0 0.25 0.0	1076.0 1550.0 -0.000199795 0.0 0.0 0.25 0.0	1052.0 1600.0 -0.000199795 0.0 0.0 0.25 0.0	1076.0 1600.0 -0.000199795 0.0 0.0 0.25 0.0  1
1076.0 1550.0 -0.00049959 0.0 0.0 0.25 0.0	1100.0 1550.0 -0.00049959 0.0 0.0 0.25 0.0	1076.0 1580.0 -0.00049959 0.0 0.0 0.25 0.0	1100.0 1580.0 -0.00049959 0.0 0.0 0.25 0.0  1
946.0 1500.0 -0.00039959 0.0 0.0 0.25 0.0	1148.0 1500.0 -0.00039959 0.0 0.0 0.25 0.0	946.0 1530.0 -0.00039959 0.0 0.0 0.25 0.0	1148.0 1530.0 -0.00039959 0.0 0.0 0.25 0.0  1
704.0 1266.0 0.0001 0.0 0.0 0.25 0.0	800.0 1266.0 0.0001 0.0 0.0 0.25 0.0	704.0 1290.0 0.0001 0.0 0.0 0.25 0.0	800.0 1290.0 0.0001 0.0 0.0 0.25 0.0  1
840.0 1400.0 -0.0001 0.0 0.0 0.25 0.0	1200.0 1400.0 -0.0001 0.0 0.0 0.25 0.0	840.0 1500.0 -0.0001 0.0 0.0 0.25 0.0	1200.0 1500.0 -0.0001 0.0 0.0 0.25 0.0  1
980.0 1550.0 -9.97948e-005 0.0 0.0 0.25 0.0	1004.0 1550.0 -9.97948e-005 0.0 0.0 0.25 0.0	980.0 1580.0 -9.97948e-005 0.0 0.0 0.25 0.0	1004.0 1580.0 -9.97948e-005 0.0 0.0 0.25 0.0  1
1124.0 1500.0 -0.00049959 0.0 0.0 0.25 0.0	1148.0 1500.0 -0.00049959 0.0 0.0 0.25 0.0	1124.0 1530.0 -0.00049959 0.0 0.0 0.25 0.0	1148.0 1530.0 -0.00049959 0.0 0.0 0.25 0.0  1

